pdb.user = 'bermans'
email = 'bermans@mskcc.org'
pdb.pass = '60010Violet'


exclude.protein <- c(
	'SP140L', 'CIRH1A', 'DDX51', 'PDCD11', 'GNL2', 'NDC80', 'DDX54', 'DNAAF5', 'IMPA2', 'INTS3',
	'RBM12B', 'GTF3C4', 'SMEK2', 'CIAPIN1', 'CDK2', 'MAD2L1', 'ANKRD28', 'PSMG1', 'CHML')

compare.protein <- c('CD33', 'CD38', 'CD44', 'CD47', 'IL3RA', 'CD37', 'ADGRE5')


# pass.protein <- compare.protein
pass.protein <- 'NCAM1'


picks <- c(
	GAGE1    = 'ENSG00000205777',
	SLC2A9   = 'ENSG00000109667',
	CCR1     = 'ENSG00000163823',
	C16orf54 = 'ENSG00000185905',
	LILRB4   = 'ENSG00000186818',
	LTB4R    = 'ENSG00000213903',
	CD96     = 'ENSG00000153283',
	CLEC12A  = 'ENSG00000172322',
	CD84     = 'ENSG00000066294',
	P2RY13   = 'ENSG00000181631',
	SLC4A7   = 'ENSG00000033867',
	SLC19A1  = 'ENSG00000173638',
	TLR2     = 'ENSG00000137462',
	LAIR1    = 'ENSG00000167613',
	PLCB3    = 'ENSG00000149782',
	GNL2     = 'ENSG00000134697',
	PIK3AP1  = 'ENSG00000155629',
	CBL      = 'ENSG00000110395',
	DDX54	 = 'ENSG00000123064',
	ENG      = 'ENSG00000106991',
	INTS3    = 'ENSG00000143624',
	ABCC1    = 'ENSG00000103222',
	ADGRE2   = 'ENSG00000127507',
	RBM12B   = 'ENSG00000183808',
	SLC31A1  = 'ENSG00000136868',
	SORT1    = 'ENSG00000134243',
	SLC2A3   = 'ENSG00000059804',
	NRD1     = 'ENSG00000078618',
	ITGA4    = 'ENSG00000115232',
	PSMG1    = 'ENSG00000183527',
	SMEK2    = 'ENSG00000138041',
	CIAPIN1  = 'ENSG00000005194',
	MMP14    = 'ENSG00000157227',
	CDK2     = 'ENSG00000123374',
	PDCD11   = 'ENSG00000148843')



aml.additions <- c(
	'ENSG00000197635', # CD26  / DPP4
	'ENSG00000185291', # CD123 / IL3RA
	'ENSG00000154096', # CD90  / THY1
	'ENSG00000153283', # CD96
	'ENSG00000196776', # CD47
	'ENSG00000026508', # CD44
	'ENSG00000143226', # CD32  / FCGR2A
	'ENSG00000134460', # CD25  / IL2RA
	'ENSG00000172322', # CLL1  / CLEC12A
	'ENSG00000135077', # TIM3  / HAVCR2
	'ENSG00000174059', # CD34
	'ENSG00000185499', # MUC1
	'ENSG00000002586', # CD99
	'ENSG00000091409', # CD49F / ITGA6
	'ENSG00000004468', # CD38
	'ENSG00000123146', # CD97 / ADGRE5
	'ENSG00000081237', # CD45 / PTPRC
	'ENSG00000149294', # CD56 / NCAM1
	'ENSG00000171124'  # FUT3
)
